1994 6 15 中国珠海举行海峡两岸暨香港电影节
1949 6 15 中国政协筹备会第一次全体会议举行
1998 6 15 芝加哥公牛队第六次夺得NBA冠军
2001 6 15 上海合作组织成立
1865 6 16 英国长老教会将基督教传入台湾
1995 1 1 世界贸易组织成立
1979 1 1 中国与美国建立外交关系
1912 1 1 孙中山就任中华民国临时大总统
1940 10 10 国共签署《双十协定》
2008 8 8 奥运会在北京开幕
1992 9 12 畅嵘光荣出生
1992 2 6 陈帅呱呱坠地
1991 5 26 刘建波降临世界
1944 6 17 冰岛共和国成立
1815 6 18 拿破仑率领的法国军队在比利时滑铁卢战役中被英国和普鲁士等国组成的联军击败
1961 6 19 科威特成立
1974 6 20 我国与特立尼达和多巴哥建交
1990 6 21 伊朗西北部地区发生里氏7.3级强烈地震
1979 6 22 我国与爱尔兰建交
1961 6 23 《南极条约》生效
1985 6 24 欧盟国家签署《申根协定》
1950 6 25 朝鲜战争全面爆发
1945 6 26 联合国托管理事会成立
1858 6 27 《中法天津条约》签订
1840 6 28 第一次鸦片战争爆发
1994 6 29 我国与安道尔建交
1905 6 30 爱因斯坦阐述狭义相对论
1975 7 1 我国与泰国建交
1959 7 2 庐山会议召开
1844 7 3 《中美望厦条约》签订
1776 7 4 美国独立日